main     377             112             78              78              
misc     11              20              55              33              
#################################################################
main     588             152             62              62              
misc     3               13              55              33              
#################################################################
main     798             102             73              73              
misc     7               19              57              34              
#################################################################
main     170             121             74              74              
misc     9               19              56              33              
#################################################################
main     679             179             81              81              
misc     5               5               63              38              
misc     15              44              56              33              
#################################################################
main     464             198             85              85              
misc     12              50              54              32              
misc     8               23              64              38              
#################################################################
main     243             168             88              88              
misc     8               13              64              39              
misc     13              46              57              34              
#################################################################
